hello
generating 20200309_Band1
start generate step 1
np.min(intensity_values) = 23.0
np.max(intensity_values) = 255.0
ice shapefile path /home/maruko/projects/def-ka3scott/maruko/seaiceClass/data/shapefiles/areas_of_interest/lake_stlawrence/new_ice/ice_new_20200309.shp
polygon: POLYGON ((327 138, 318 139, 311 134, 304 128, 307 119, 314 116, 323 114, 345 104, 365 95, 380 93, 389 93, 392 100, 393 118, 392 120, 327 138))
polygon: POLYGON ((392 66, 350 71, 350 70, 349 59, 349 48, 410 33, 430 40, 425 73, 417 74, 399 69, 392 66))
polygon: POLYGON ((403 75, 404 76, 415 81, 420 89, 422 94, 419 102, 417 104, 402 105, 400 104, 398 98, 403 75))
polygon: POLYGON ((118 252, 104 240, 104 238, 108 235, 123 228, 126 228, 140 223, 161 200, 168 185, 174 169, 183 153, 225 133, 270 131, 277 132, 288 136, 287 140, 281 152, 274 156, 264 158, 249 161, 244 164, 238 172, 235 178, 231 185, 230 189, 225 200, 220 219, 216 224, 207 229, 196 234, 189 236, 175 239, 164 242, 159 243, 142 249, 136 251, 131 252, 124 252, 118 252))
polygon: POLYGON ((167 309, 185 309, 195 309, 224 296, 244 290, 248 288, 246 320, 214 336, 172 356, 163 362, 160 363, 167 309))
polygon: POLYGON ((396 135, 399 121, 400 119, 404 117, 416 112, 429 108, 443 104, 458 104, 472 110, 477 111, 489 109, 507 107, 510 115, 508 122, 506 124, 499 125, 488 128, 464 133, 454 134, 417 136, 396 135))
polygon: POLYGON ((541 161, 545 149, 548 143, 550 140, 580 137, 584 137, 605 132, 618 131, 623 144, 618 153, 612 164, 603 171, 601 171, 595 169, 583 164, 567 162, 541 161))
polygon: POLYGON ((639 135, 636 133, 632 127, 640 114, 648 114, 664 121, 670 130, 670 136, 669 137, 639 135))
polygon: POLYGON ((660 76, 651 80, 648 77, 645 72, 651 63, 654 60, 660 53, 666 48, 671 47, 677 67, 660 76))
polygon: POLYGON ((549 48, 544 49, 542 49, 541 48, 542 35, 542 34, 542 33, 549 31, 551 31, 554 31, 564 33, 587 29, 592 28, 605 26, 611 26, 609 34, 604 42, 600 48, 597 51, 584 58, 572 66, 570 67, 562 67, 549 48))
polygon: POLYGON ((530 68, 556 64, 558 64, 564 64, 572 70, 567 72, 561 78, 558 81, 553 92, 551 98, 546 101, 543 98, 538 96, 527 82, 526 75, 530 68))
polygon: POLYGON ((566 103, 561 97, 561 90, 565 88, 584 89, 588 95, 587 99, 579 103, 574 104, 566 103))
polygon: POLYGON ((626 95, 619 95, 616 93, 612 87, 612 83, 615 81, 627 79, 628 79, 629 83, 630 85, 626 95))
polygon: POLYGON ((836 34, 825 46, 824 53, 815 57, 799 56, 791 55, 783 53, 776 51, 774 47, 773 38, 775 34, 785 28, 803 23, 804 22, 836 34))
polygon: POLYGON ((633 184, 626 175, 616 180, 602 186, 596 190, 568 202, 561 207, 559 198, 559 196, 559 189, 560 183, 566 172, 572 171, 594 167, 610 164, 624 159, 650 159, 672 181, 663 185, 654 186, 633 184))
polygon: POLYGON ((750 18, 718 28, 712 29, 693 33, 688 34, 687 34, 677 35, 661 34, 632 32, 636 24, 653 18, 688 13, 701 10, 750 8, 750 18))
filename filtered_angle-S1A_IW_GRDH_1SDV_20210227T224420_20210227T224445_036782_045306_136A.csv is not matched with pattern
filename filtered_angle-S1A_IW_GRDH_1SDV_20200321T225159_20200321T225224_031780_03AA7F_444C.csv is not matched with pattern
filename filtered_angle-S1A_IW_GRDH_1SDV_20190327T225218_20190327T225243_026530_02F90C_7445.csv is not matched with pattern
filename normalized_filtered_angle-S1A_IW_GRDH_1SDV_20200321T225159_20200321T225224_031780_03AA7F_444C.csv is not matched with pattern
filename normalized_filtered_angle-S1A_IW_GRDH_1SDV_20190109T224409_20190109T224434_025407_02D06C_7E15.csv is not matched with pattern
filename filtered_angle-S1A_IW_GRDH_1SDV_20210311T224420_20210311T224445_036957_04591F_2D7B.csv is not matched with pattern
filename filtered_angle-S1A_IW_GRDH_1SDV_20190114T225219_20190114T225244_025480_02D2FF_F0D8.csv is not matched with pattern
filename normalized_filtered_angle-S1A_IW_GRDH_1SDV_20170124T225156_20170124T225221_014980_018754_E422.csv is not matched with pattern
filename normalized_filtered_angle-S1A_IW_GRDH_1SDV_20210328T225205_20210328T225230_037205_0461B3_DC1F.csv is not matched with pattern
filename normalized_filtered_angle-S1A_IW_GRDH_1SDV_20210127T225205_20210127T225230_036330_044350_70E1.csv is not matched with pattern
filename filtered_angle-S1A_IW_GRDH_1SDV_20180119T225237.csv is not matched with pattern
filename filtered_angle-S1A_IW_GRDH_1SDV_20190303T225153_20190303T225218_026180_02EC32_A1D6.csv is not matched with pattern
filename normalized_filtered_angle-S1A_IW_GRDH_1SDV_20210215T224420_20210215T224445_036607_044CF8_7175.csv is not matched with pattern
filename filtered_angle-S1A_IW_GRDH_1SDV_20210215T224420_20210215T224445_036607_044CF8_7175.csv is not matched with pattern
filename filtered_angle-S1A_IW_GRDH_1SDV_20200128T224414_20200128T224439_031007_038FBF_344C.csv is not matched with pattern
filename filtered_angle-S1A_IW_GRDH_1SDV_20170320T224355_20170320T224420_015782_019FD3_9BFB.csv is not matched with pattern
filename normalized_filtered_angle-S1A_IW_GRDH_1SDV_20170205T225156_20170205T225221_015155_018CB3_9406.csv is not matched with pattern
filename normalized_filtered_angle-S1A_IW_GRDH_1SDV_20200128T224414_20200128T224439_031007_038FBF_344C.csv is not matched with pattern
filename filtered_angle-S1A_IW_GRDH_1SDV_20190126T225218_20190126T225243_025655_02D96B_3678.csv is not matched with pattern
filename normalized_filtered_angle-S1A_IW_GRDH_1SDV_20190114T225154_20190114T225219_025480_02D2FF_DB44.csv is not matched with pattern
filename normalized_filtered_angle-S1A_IW_GRDH_1SDV_20200226T225224_20200226T225249_031430_039E4F_50B1.csv is not matched with pattern
filename filtered_angle-S1A_IW_GRDH_1SDV_20200121T225200_20200121T225225_030905_038C17_A62B.csv is not matched with pattern
filename normalized_filtered_angle-S1A_IW_GRDH_1SDV_20190219T225152_20190219T225217_026005_02E5ED_4C73.csv is not matched with pattern
filename normalized_filtered_angle-S1A_IW_GRDH_1SDV_20190219T225217_20190219T225242_026005_02E5ED_5369.csv is not matched with pattern
filename filtered_angle-S1A_IW_GRDH_1SDV_20190315T225218_20190315T225243_026355_02F29D_CDD4.csv is not matched with pattern
filename filtered_angle-S1A_IW_GRDH_1SDV_20200214T225224_20200214T225249_031255_039843_8EE3.csv is not matched with pattern
filename normalized_filtered_angle-S1A_IW_GRDH_1SDV_20180107T225212_20180107T225237_020055_0222CA_4EB8.csv is not matched with pattern
filename filtered_angle-S1A_IW_GRDH_1SDV_20210208T225205_20210208T225230_036505_04495F_0252.csv is not matched with pattern
filename normalized_filtered_angle-S1A_IW_GRDH_1SDV_20210103T225206_20210103T225231_035980_043712_5E39.csv is not matched with pattern
filename normalized_filtered_angle-S1A_IW_GRDH_1SDV_20190114T225219_20190114T225244_025480_02D2FF_F0D8.csv is not matched with pattern
filename normalized_filtered_angle-S1A_IW_GRDH_1SDV_20190126T225218_20190126T225243_025655_02D96B_3678.csv is not matched with pattern
filename normalized_filtered_angle-S1A_IW_GRDH_1SDV_20180320T225236.csv is not matched with pattern
filename filtered_angle-S1A_IW_GRDH_1SDV_20190315T225153_20190315T225218_026355_02F29D_AA12.csv is not matched with pattern
filename filtered_angle-S1A_IW_GRDH_1SDV_20190310T224408_20190310T224433_026282_02EFEF_0689.csv is not matched with pattern
filename normalized_filtered_angle-S1A_IW_GRDH_1SDV_20180119T225237.csv is not matched with pattern
filename normalized_filtered_angle-S1A_IW_GRDH_1SDV_20170217T225204_20170217T225229_015330_01922D_22D3.csv is not matched with pattern
filename filtered_angle-S1A_IW_GRDH_1SDV_20210316T225205_20210316T225230_037030_045BA9_F335.csv is not matched with pattern
filename filtered_angle-S1A_IW_GRDH_1SDV_20180212T225236.csv is not matched with pattern
filename normalized_filtered_angle-S1A_IW_GRDH_1SDV_20210208T225205_20210208T225230_036505_04495F_0252.csv is not matched with pattern
filename normalized_filtered_angle-S1A_IW_GRDH_1SDV_20210227T224420_20210227T224445_036782_045306_136A.csv is not matched with pattern
filename filtered_angle-S1A_IW_GRDH_1SDV_20190114T225154_20190114T225219_025480_02D2FF_DB44.csv is not matched with pattern
filename filtered_angle-S1A_IW_GRDH_1SDV_20210208T225230_20210208T225255_036505_04495F_9CE5.csv is not matched with pattern
filename filtered_angle-S1A_IW_GRDH_1SDV_20170313T225205_20170313T225230_015680_019CD1_47FF.csv is not matched with pattern
filename filtered_angle-S1A_IW_GRDH_1SDV_20210328T225205_20210328T225230_037205_0461B3_DC1F.csv is not matched with pattern
filename filtered_angle-S1A_IW_GRDH_1SDV_20200121T225225_20200121T225250_030905_038C17_4B9E.csv is not matched with pattern
filename filtered_angle-S1A_IW_GRDH_1SDV_20200209T224414_20200209T224439_031182_0395D9_80B9.csv is not matched with pattern
filename filtered_angle-S1A_IW_GRDH_1SDV_20170325T225205_20170325T225230_015855_01A201_4F9B.csv is not matched with pattern
filename filtered_angle-S1A_IW_GRDH_1SDV_20190126T225153_20190126T225218_025655_02D96B_AFCB.csv is not matched with pattern
filename normalized_filtered_angle-S1A_IW_GRDH_1SDV_20190303T225218_20190303T225243_026180_02EC32_00B3.csv is not matched with pattern
filename filtered_angle-S1A_IW_GRDH_1SDV_20190219T225217_20190219T225242_026005_02E5ED_5369.csv is not matched with pattern
filename normalized_filtered_angle-S1A_IW_GRDH_1SDV_20210220T225230_20210220T225255_036680_044F7A_4775.csv is not matched with pattern
filename filtered_angle-S1A_IW_GRDH_1SDV_20180320T225236.csv is not matched with pattern
filename normalized_filtered_angle-S1A_IW_GRDH_1SDV_20200202T225159_20200202T225224_031080_039232_1665.csv is not matched with pattern
filename normalized_filtered_angle-S1A_IW_GRDH_1SDV_20190226T224408_20190226T224433_026107_02E9A3_BF0D.csv is not matched with pattern
filename normalized_filtered_angle-S1A_IW_GRDH_1SDV_20180308T225236.csv is not matched with pattern
filename normalized_filtered_angle-S1A_IW_GRDH_1SDV_20170325T225205_20170325T225230_015855_01A201_4F9B.csv is not matched with pattern
filename filtered_angle-S1A_IW_GRDH_1SDV_20210304T225230_20210304T225255_036855_045585_DA88.csv is not matched with pattern
filename filtered_angle-S1A_IW_GRDH_1SDV_20190322T224408_20190322T224433_026457_02F662_6E5B.csv is not matched with pattern
filename filtered_angle-S1A_IW_GRDH_1SDV_20170217T225204_20170217T225229_015330_01922D_22D3.csv is not matched with pattern
filename normalized_filtered_angle-S1A_IW_GRDH_1SDV_20190126T225153_20190126T225218_025655_02D96B_AFCB.csv is not matched with pattern
filename filtered_angle-S1A_IW_GRDH_1SDV_20190207T225153_20190207T225218_025830_02DFB1_794A.csv is not matched with pattern
filename filtered_angle-S1A_IW_GRDH_1SDV_20210103T225206_20210103T225231_035980_043712_5E39.csv is not matched with pattern
filename filtered_angle-S1A_IW_GRDH_1SDV_20200109T225225_20200109T225250_030730_0385F0_DD15.csv is not matched with pattern
filename normalized_filtered_angle-S1A_IW_GRDH_1SDV_20210115T225206_20210115T225231_036155_043D36_BFC0.csv is not matched with pattern
filename normalized_filtered_angle-S1A_IW_GRDH_1SDV_20190322T224408_20190322T224433_026457_02F662_6E5B.csv is not matched with pattern
filename normalized_filtered_angle-S1A_IW_GRDH_1SDV_20170313T225205_20170313T225230_015680_019CD1_47FF.csv is not matched with pattern
filename normalized_filtered_angle-S1A_IW_GRDH_1SDV_20200214T225159_20200214T225224_031255_039843_988B.csv is not matched with pattern
filename normalized_filtered_angle-S1A_IW_GRDH_1SDV_20190303T225153_20190303T225218_026180_02EC32_A1D6.csv is not matched with pattern
filename filtered_angle-S1A_IW_GRDH_1SDV_20170325T225140_20170325T225205_015855_01A201_2F96.csv is not matched with pattern
filename filtered_angle-S1A_IW_GRDH_1SDV_20190121T224408_20190121T224433_025582_02D6CB_6705.csv is not matched with pattern
filename filtered_angle-S1A_IW_GRDH_1SDV_20170112T225156_20170112T225221_014805_0181E4_1673.csv is not matched with pattern
filename normalized_filtered_angle-S1A_IW_GRDH_1SDV_20180131T225236.csv is not matched with pattern
filename filtered_angle-S1A_IW_GRDH_1SDV_20190207T225218_20190207T225243_025830_02DFB1_D71C.csv is not matched with pattern
filename filtered_angle-S1A_IW_GRDH_1SDV_20200221T224414_20200221T224439_031357_039BDC_5856.csv is not matched with pattern
filename normalized_filtered_angle-S1A_IW_GRDH_1SDV_20190207T225153_20190207T225218_025830_02DFB1_794A.csv is not matched with pattern
filename normalized_filtered_angle-S1A_IW_GRDH_1SDV_20210127T225230_20210127T225255_036330_044350_7126.csv is not matched with pattern
filename normalized_filtered_angle-S1A_IW_GRDH_1SDV_20170325T225140_20170325T225205_015855_01A201_2F96.csv is not matched with pattern
filename filtered_angle-S1A_IW_GRDH_1SDV_20210316T225230_20210316T225255_037030_045BA9_81DB.csv is not matched with pattern
filename normalized_filtered_angle-S1A_IW_GRDH_1SDV_20210203T224420_20210203T224445_036432_0446DA_4893.csv is not matched with pattern
filename filtered_angle-S1A_IW_GRDH_1SDV_20210127T225230_20210127T225255_036330_044350_7126.csv is not matched with pattern
filename filtered_angle-S1A_IW_GRDH_1SDV_20210220T225205_20210220T225230_036680_044F7A_8A06.csv is not matched with pattern
filename filtered_angle-S1A_IW_GRDH_1SDV_20190202T224408_20190202T224433_025757_02DD2B_2B28.csv is not matched with pattern
filename filtered_angle-S1A_IW_GRDH_1SDV_20180308T225236.csv is not matched with pattern
filename normalized_filtered_angle-S1A_IW_GRDH_1SDV_20200209T224414_20200209T224439_031182_0395D9_80B9.csv is not matched with pattern
20200309 does not startswith(202001):
20200309 does not startswith(202101):
20200309 does not startswith(202002):
20200309 does not startswith(201701):
20200309 does not startswith(201901):
20200309 does not startswith(201703):
20200309 does not startswith(202103):
20200309 startswith(202003):
     Longitude (x)  Latitude (y)       Station Name  Climate ID   Date/Time (LST)  Year  Month  Day  ... Visibility Flag  Stn Press (kPa)  Stn Press Flag  Hmdx  Hmdx Flag  Wind Chill  Wind Chill Flag  Weather
214         -74.96         45.25  MOOSE CREEK WELLS     6105397  2020-03-09 22:00  2020      3    9  ...             NaN           100.79             NaN   NaN        NaN         NaN              NaN      NaN

[1 rows x 30 columns]
Elapsed time: 46.185144662857056 seconds
finished date: 20200309 with total nodes = 7759, ice node = 627, ice coverage = 0.08080938265240366
start draw
start generate step 2
start generate step 3
image exist
image is not none
start draw features
generating feature:std
generating feature:incidence_angle
incidence_angle
graph:20200309
[0.0460883202797184, 0.0383362208251497, 0.0383362208251497, 0.0383362208251497, 0.0383362208251497, 0.0383362208251497, 0.0383362208251497, 0.0383362208251497, 0.0383362208251497, 0.0383362208251497, 0.0383362208251497, 0.0383362208251497, 0.0383362208251497, 0.0383362208251497, 0.0383362208251497, 0.0383362208251497, 0.0383362208251497, 0.0383362208251497, 0.0383362208251497, 0.0383362208251497, 0.0383362208251497, 0.0383362208251497, 0.0383362208251497, 0.0383362208251497, 0.0383362208251497, 0.0383362208251497, 0.0383362208251497, 0.0383362208251497, 0.0383362208251497, 0.0383362208251497, 0.0383362208251497, 0.0383362208251497, 0.0383362208251497, 0.0383362208251497, 0.0383362208251497, 0.0383362208251497, 0.0383362208251497, 0.0383362208251497, 0.0383362208251497, 0.0383362208251497, 0.0383362208251497, 0.0383362208251497, 0.0383362208251497, 0.0383362208251497, 0.0383362208251497, 0.0383362208251497, 0.0383362208251497, 0.0383362208251497, 0.0383362208251497, 0.0383362208251497, 0.0383362208251497, 0.0383362208251497, 0.0383362208251497, 0.0383362208251497, 0.0383362208251497, 0.0383362208251497, 0.0383362208251497, 0.0383362208251497, 0.0383362208251497, 0.0383362208251497, 0.0383362208251497, 0.0383362208251497, 0.0383362208251497, 0.0383362208251497, 0.0383362208251497, 0.0383362208251497, 0.0383362208251497, 0.0383362208251497, 0.0383362208251497, 0.0383362208251497, 0.0383362208251497, 0.0383362208251497, 0.0383362208251497, 0.0383362208251497, 0.0383362208251497, 0.0383362208251497, 0.0383362208251497, 0.0383362208251497, 0.0383362208251497, 0.0383362208251497, 0.0383362208251497, 0.0383362208251497, 0.0383362208251497, 0.0383362208251497, 0.0383362208251497, 0.0383362208251497, 0.0383362208251497, 0.0383362208251497, 0.0383362208251497, 0.0383362208251497, 0.0383362208251497, 0.0383362208251497, 0.0383362208251497, 0.0383362208251497, 0.0383362208251497, 0.0383362208251497, 0.0383362208251497, 0.0383362208251497, 0.0383362208251497, 0.0383362208251497, 0.0383362208251497, 0.0383362208251497, 0.0383362208251497, 0.0383362208251497, 0.0383362208251497, 0.0460883202797184, 0.0460883202797184, 0.0460883202797184, 0.0461591116600702, 0.0461591116600702, 0.0461591116600702, 0.0383362208251497, 0.0383362208251497, 0.0383362208251497, 0.0383362208251497, 0.0383362208251497, 0.0383362208251497, 0.0383362208251497, 0.0383362208251497, 0.0383362208251497, 0.0383362208251497, 0.0383362208251497, 0.0383362208251497, 0.0383362208251497, 0.0383362208251497, 0.0383362208251497, 0.0383362208251497, 0.0383362208251497, 0.0383362208251497, 0.0383362208251497, 0.0383362208251497, 0.0383362208251497, 0.0383362208251497, 0.0383362208251497, 0.0383362208251497, 0.0383362208251497, 0.0383362208251497, 0.0383362208251497, 0.0383362208251497, 0.0383362208251497, 0.0383362208251497, 0.0383362208251497, 0.0383362208251497, 0.0383362208251497, 0.0383362208251497, 0.0383362208251497, 0.0383362208251497, 0.0383362208251497, 0.0383362208251497, 0.0383362208251497, 0.0383362208251497, 0.0383362208251497, 0.0383362208251497, 0.0383362208251497, 0.0383362208251497, 0.0383362208251497, 0.0383362208251497, 0.0383362208251497, 0.0383362208251497, 0.0383362208251497, 0.0383362208251497, 0.0383362208251497, 0.0460883202797184, 0.0460883202797184, 0.0460883202797184, 0.0539466068048236, 0.0539466068048236, 0.0539820024949996, 0.0539820024949996, 0.0461591116600702, 0.0461591116600702, 0.0461591116600702, 0.0383362208251497, 0.0383362208251497, 0.0383362208251497, 0.0383362208251497, 0.0383362208251497, 0.0383362208251497, 0.0383362208251497, 0.0383362208251497, 0.0383362208251497, 0.0383362208251497, 0.0383362208251497, 0.0383362208251497, 0.0383362208251497, 0.0383362208251497, 0.0383362208251497, 0.0383362208251497, 0.0383362208251497, 0.0383362208251497, 0.0383362208251497, 0.0383362208251497, 0.0383362208251497, 0.0383362208251497, 0.0383362208251497, 0.0383362208251497, 0.0383362208251497, 0.0383362208251497, 0.0383362208251497, 0.0383362208251497, 0.0383362208251497, 0.0383362208251497, 0.0383362208251497, 0.0383362208251497, 0.0383362208251497, 0.0383362208251497, 0.0383362208251497, 0.0383362208251497, 0.0383362208251497, 0.0383362208251497, 0.0383362208251497, 0.0383362208251497, 0.0383362208251497, 0.0383362208251497, 0.0383362208251497, 0.0383362208251497, 0.0383362208251497, 0.0773798836194181, 0.0773798836194181, 0.0773798836194181, 0.0617694976397486, 0.0617694976397486, 0.0617694976397486, 0.0618048933299245, 0.0539820024949996, 0.0539820024949996, 0.0539820024949996, 0.0461591116600702, 0.0461591116600702, 0.0461591116600702, 0.0461591116600702, 0.0461591116600702, 0.0383362208251497, 0.0383362208251497, 0.0383362208251497, 0.0383362208251497, 0.0383362208251497, 0.0383362208251497, 0.0383362208251497, 0.0383362208251497, 0.0383362208251497, 0.0383362208251497, 0.0383362208251497, 0.0383362208251497, 0.0383362208251497, 0.0383362208251497, 0.0383362208251497, 0.0383362208251497, 0.0383362208251497, 0.0383362208251497, 0.0383362208251497, 0.0383362208251497, 0.0383362208251497, 0.0383362208251497, 0.0383362208251497, 0.0383362208251497, 0.0383362208251497, 0.0383362208251497, 0.0383362208251497, 0.0383362208251497, 0.0383362208251497, 0.0383362208251497, 0.0383362208251497, 0.0383362208251497, 0.0383362208251497, 0.0383362208251497, 0.0383362208251497, 0.0383362208251497, 0.0383362208251497, 0.0773798836194181, 0.0773798836194181, 0.0773798836194181, 0.0696277841648494, 0.0696277841648494, 0.0618048933299245, 0.0618048933299245, 0.0618048933299245, 0.0618048933299245, 0.0618048933299245, 0.0539820024949996, 0.0539820024949996, 0.0539820024949996, 0.0539820024949996, 0.0539820024949996, 0.0461591116600702, 0.0539820024949996, 0.0461591116600702, 0.0461591116600702, 0.0461591116600702, 0.0461591116600702, 0.0383362208251497, 0.0383362208251497, 0.0383362208251497, 0.0383362208251497, 0.0383362208251497, 0.0383362208251497, 0.0383362208251497, 0.0383362208251497, 0.0383362208251497, 0.0383362208251497, 0.0383362208251497, 0.0383362208251497, 0.0383362208251497, 0.0383362208251497, 0.0383362208251497, 0.0383362208251497, 0.0383362208251497, 0.0383362208251497, 0.0383362208251497, 0.0383362208251497, 0.0383362208251497, 0.0383362208251497, 0.0383362208251497, 0.0383362208251497, 0.0383362208251497, 0.0383362208251497, 0.0383362208251497, 0.0383362208251497, 0.0383362208251497, 0.0383362208251497, 0.0383362208251497, 0.1164943377940472, 0.0773798836194181, 0.0696277841648494, 0.0696277841648494, 0.0696277841648494, 0.0696277841648494, 0.0618048933299245, 0.0618048933299245, 0.0618048933299245, 0.0618048933299245, 0.0618048933299245, 0.0618048933299245, 0.0618048933299245, 0.0539820024949996, 0.0618048933299245, 0.0539820024949996, 0.0539820024949996, 0.0539820024949996, 0.0539820024949996, 0.0539820024949996, 0.0461591116600702, 0.1166359205547553, 0.0461591116600702, 0.0461591116600702, 0.0461591116600702, 0.0383362208251497, 0.0461591116600702, 0.0383362208251497, 0.0461591116600702, 0.0383362208251497, 0.1166359205547553, 0.1166359205547553, 0.0383362208251497, 0.0383362208251497, 0.0383362208251497, 0.0383362208251497, 0.0383362208251497, 0.0383362208251497, 0.0383362208251497, 0.0383362208251497, 0.0383362208251497, 0.1166359205547553, 0.0383362208251497, 0.1166359205547553, 0.0383362208251497, 0.0383362208251497, 0.0383362208251497, 0.1166359205547553, 0.0383362208251497, 0.1166359205547553, 0.1166359205547553, 0.1166359205547553, 0.1166359205547553, 0.1166359205547553, 0.1166359205547553, 0.0696277841648494, 0.0930964566696243, 0.0696277841648494, 0.0696277841648494, 0.0696277841648494, 0.0696277841648494, 0.0696277841648494, 0.0696277841648494, 0.0696277841648494, 0.0696277841648494, 0.0696277841648494, 0.0696277841648494, 0.0696277841648494, 0.0696277841648494, 0.0696277841648494, 0.1166359205547553, 0.1166359205547553, 0.0618048933299245, 0.1166359205547553, 0.1166359205547553, 0.1166359205547553, 0.1166359205547553, 0.1166359205547553, 0.1166359205547553, 0.1166359205547553, 0.1166359205547553, 0.1166359205547553, 0.1166359205547553, 0.1166359205547553, 0.1166359205547553, 0.1166359205547553, 0.1166359205547553, 0.1166359205547553, 0.1166359205547553, 0.1166359205547553, 0.1166359205547553, 0.1166359205547553, 0.1166359205547553, 0.1166359205547553, 0.1166359205547553, 0.1166359205547553, 0.1166359205547553, 0.1166359205547553, 0.1166359205547553, 0.1166359205547553, 0.1166359205547553, 0.1166359205547553, 0.1166359205547553, 0.1166359205547553, 0.1166359205547553, 0.1166359205547553, 0.1166359205547553, 0.0383362208251497, 0.1166359205547553, 0.1166359205547553, 0.1166359205547553, 0.1166359205547553, 0.1166359205547553, 0.1166359205547553, 0.1166359205547553, 0.1321401194638971, 0.0930964566696243, 0.0930964566696243, 0.0930964566696243, 0.0930964566696243, 0.0930964566696243, 0.0930964566696243, 0.0696277841648494, 0.1166359205547553, 0.0696277841648494, 0.1166359205547553, 0.1166359205547553, 0.1166359205547553, 0.1166359205547553, 0.1166359205547553, 0.1166359205547553, 0.1166359205547553, 0.1166359205547553, 0.1166359205547553, 0.1166359205547553, 0.1166359205547553, 0.1166359205547553, 0.1166359205547553, 0.1166359205547553, 0.1166359205547553, 0.1166359205547553, 0.1166359205547553, 0.1166359205547553, 0.1166359205547553, 0.1166359205547553, 0.1166359205547553, 0.1166359205547553, 0.1166359205547553, 0.1166359205547553, 0.1166359205547553, 0.1166359205547553, 0.1166359205547553, 0.1166359205547553, 0.1166359205547553, 0.1166359205547553, 0.1166359205547553, 0.1166359205547553, 0.1166359205547553, 0.1166359205547553, 0.1166359205547553, 0.1166359205547553, 0.1166359205547553, 0.1166359205547553, 0.1166359205547553, 0.1166359205547553, 0.1166359205547553, 0.1166359205547553, 0.1166359205547553, 0.1166359205547553, 0.1166359205547553, 0.1166359205547553, 0.1166359205547553, 0.1166359205547553, 0.1166359205547553, 0.1166359205547553, 0.1166359205547553, 0.1166359205547553, 0.1166359205547553, 0.1164943377940472, 0.0930964566696243, 0.0930964566696243, 0.0930964566696243, 0.1166359205547553, 0.0930964566696243, 0.1166359205547553, 0.1166359205547553, 0.1166359205547553, 0.1166359205547553, 0.1166359205547553, 0.1166359205547553, 0.1166359205547553, 0.1166359205547553, 0.1166359205547553, 0.1166359205547553, 0.1166359205547553, 0.1166359205547553, 0.1166359205547553, 0.1166359205547553, 0.1166359205547553, 0.1166359205547553, 0.1166359205547553, 0.1166359205547553, 0.1166359205547553, 0.1166359205547553, 0.1166359205547553, 0.1166359205547553, 0.1166359205547553, 0.1166359205547553, 0.1166359205547553, 0.1166359205547553, 0.1166359205547553, 0.1166359205547553, 0.1166359205547553, 0.1166359205547553, 0.1166359205547553, 0.1166359205547553, 0.1166359205547553, 0.1166359205547553, 0.1166359205547553, 0.1166359205547553, 0.1166359205547553, 0.1166359205547553, 0.1166359205547553, 0.1166359205547553, 0.1166359205547553, 0.1166359205547553, 0.1166359205547553, 0.1166359205547553, 0.1166359205547553, 0.1166359205547553, 0.1166359205547553, 0.1166359205547553, 0.1166359205547553, 0.1166359205547553, 0.1166359205547553, 0.1164943377940472, 0.1164943377940472, 0.1164943377940472, 0.1164943377940472, 0.1008839518143733, 0.1008839518143733, 0.1009193475045536, 0.1009193475045536, 0.1166359205547553, 0.1166359205547553, 0.1166359205547553, 0.1166359205547553, 0.1166359205547553, 0.1166359205547553, 0.1166359205547553, 0.1166359205547553, 0.1166359205547553, 0.1166359205547553, 0.1166359205547553, 0.1166359205547553, 0.1166359205547553, 0.1166359205547553, 0.1166359205547553, 0.1166359205547553, 0.1166359205547553, 0.1166359205547553, 0.1166359205547553, 0.1166359205547553, 0.1166359205547553, 0.1166359205547553, 0.1166359205547553, 0.1166359205547553, 0.1166359205547553, 0.1166359205547553, 0.1166359205547553, 0.1166359205547553, 0.1166359205547553, 0.1166359205547553, 0.1166359205547553, 0.1166359205547553, 0.1166359205547553, 0.1166359205547553, 0.1166359205547553, 0.1166359205547553, 0.1166359205547553, 0.1166359205547553, 0.1166359205547553, 0.1166359205547553, 0.1166359205547553, 0.1166359205547553, 0.1166359205547553, 0.1166359205547553, 0.1166359205547553, 0.1166359205547553, 0.1164943377940472, 0.1164943377940472, 0.1164943377940472, 0.1164943377940472, 0.1164943377940472, 0.1164943377940472, 0.1164943377940472, 0.1087068426492982, 0.1087422383394741, 0.1087422383394741, 0.1166359205547553, 0.1166359205547553, 0.1166359205547553, 0.1166359205547553, 0.1166359205547553, 0.1166359205547553, 0.1166359205547553, 0.1166359205547553, 0.1166359205547553, 0.1166359205547553, 0.1166359205547553, 0.1166359205547553, 0.1166359205547553, 0.1166359205547553, 0.1166359205547553, 0.1166359205547553, 0.1166359205547553, 0.1166359205547553, 0.1166359205547553, 0.1166359205547553, 0.1166359205547553, 0.1166359205547553, 0.1166359205547553, 0.1166359205547553, 0.1166359205547553, 0.1166359205547553, 0.1166359205547553, 0.1166359205547553, 0.1166359205547553, 0.1166359205547553, 0.1166359205547553, 0.1166359205547553, 0.1166359205547553, 0.1166359205547553, 0.1166359205547553, 0.1166359205547553, 0.1166359205547553, 0.1166359205547553, 0.1166359205547553, 0.1166359205547553, 0.1166359205547553, 0.1166359205547553, 0.1166359205547553, 0.1166359205547553, 0.1166359205547553, 0.1477859011337514, 0.1321401194638971, 0.1321401194638971, 0.1164943377940472, 0.1164943377940472, 0.1164943377940472, 0.1164943377940472, 0.1164943377940472, 0.1165297334842231, 0.1087422383394741, 0.1166359205547553, 0.1166359205547553, 0.1166359205547553, 0.1166359205547553, 0.1166359205547553, 0.1166359205547553, 0.1166359205547553, 0.1166359205547553, 0.1166359205547553, 0.1166359205547553, 0.1166359205547553, 0.1166359205547553, 0.1166359205547553, 0.1166359205547553, 0.1166359205547553, 0.1166359205547553, 0.1166359205547553, 0.1166359205547553, 0.1166359205547553, 0.1166359205547553, 0.1166359205547553, 0.1166359205547553, 0.1166359205547553, 0.1166359205547553, 0.1166359205547553, 0.1166359205547553, 0.1166359205547553, 0.1166359205547553, 0.1166359205547553, 0.1166359205547553, 0.1166359205547553, 0.1166359205547553, 0.1166359205547553, 0.1166359205547553, 0.1166359205547553, 0.1166359205547553, 0.1166359205547553, 0.1712238383750375, 0.1477859011337514, 0.1321401194638971, 0.1321401194638971, 0.1321401194638971, 0.1166359205547553, 0.1244588113896847, 0.1166359205547553, 0.1166359205547553, 0.1166359205547553, 0.1166359205547553, 0.1166359205547553, 0.1166359205547553, 0.1166359205547553, 0.1166359205547553, 0.1166359205547553, 0.1166359205547553, 0.1166359205547553, 0.1166359205547553, 0.1166359205547553, 0.1166359205547553, 0.1166359205547553, 0.1166359205547553, 0.1166359205547553, 0.1166359205547553, 0.1166359205547553, 0.1166359205547553, 0.1166359205547553, 0.1166359205547553, 0.1166359205547553, 0.1166359205547553, 0.1166359205547553, 0.1477859011337514, 0.1477859011337514, 0.1477859011337514, 0.1477859011337514, 0.1477859011337514, 0.1477859011337514, 0.1321401194638971, 0.1477859011337514, 0.1244234156995043, 0.1322817022246096, 0.1244588113896847, 0.1244588113896847, 0.1244588113896847, 0.1244588113896847, 0.1166359205547553, 0.1166359205547553, 0.1166359205547553, 0.1166359205547553, 0.1166359205547553, 0.1166359205547553, 0.1166359205547553, 0.1166359205547553, 0.1166359205547553, 0.1166359205547553, 0.1166359205547553, 0.1166359205547553, 0.1166359205547553, 0.1166359205547553, 0.1166359205547553, 0.1166359205547553, 0.1166359205547553, 0.1166359205547553, 0.1166359205547553, 0.1166359205547553, 0.1166359205547553, 0.1166359205547553, 0.1166359205547553, 0.1166359205547553, 0.1166359205547553, 0.1166359205547553, 0.1166359205547553, 0.1166359205547553, 0.1712238383750375, 0.1477859011337514, 0.1477859011337514, 0.1477859011337514, 0.1477859011337514, 0.1477859011337514, 0.1477859011337514, 0.1477859011337514, 0.1477859011337514, 0.1477859011337514, 0.1477859011337514, 0.1478566925140988, 0.140104593059539, 0.1322817022246096, 0.140104593059539, 0.140104593059539, 0.140104593059539, 0.1322817022246096, 0.1322817022246096, 0.1322817022246096, 0.1322817022246096, 0.1322817022246096, 0.1244588113896847, 0.1244588113896847, 0.1244588113896847, 0.1244588113896847, 0.1244588113896847, 0.1557857704195604, 0.1557857704195604, 0.1166359205547553, 0.1166359205547553, 0.1557857704195604, 0.1166359205547553, 0.1166359205547553, 0.1557857704195604, 0.1557857704195604, 0.1557857704195604, 0.1557857704195604, 0.1557857704195604, 0.1557857704195604, 0.1557857704195604, 0.1557857704195604, 0.1166359205547553, 0.1557857704195604, 0.1557857704195604, 0.1557857704195604, 0.1557857704195604, 0.1557857704195604, 0.1557857704195604, 0.1557857704195604, 0.1557857704195604, 0.1557857704195604, 0.1712238383750375, 0.1712238383750375, 0.1712238383750375, 0.1712238383750375, 0.1712238383750375, 0.1712238383750375, 0.1712238383750375, 0.1712238383750375, 0.1712238383750375, 0.1477859011337514, 0.1477859011337514, 0.1477859011337514, 0.1477859011337514, 0.1477859011337514, 0.1477859011337514, 0.1477859011337514, 0.1477859011337514, 0.147892088204288, 0.1400338016791783, 0.140104593059539, 0.140104593059539, 0.1557857704195604, 0.1557857704195604, 0.1557857704195604, 0.1557857704195604, 0.1557857704195604, 0.1557857704195604, 0.1557857704195604, 0.1557857704195604, 0.1557857704195604, 0.1557857704195604, 0.1557857704195604, 0.1557857704195604, 0.1557857704195604, 0.1557857704195604, 0.1557857704195604, 0.1557857704195604, 0.1557857704195604, 0.1557857704195604, 0.1557857704195604, 0.1557857704195604, 0.1557857704195604, 0.1557857704195604, 0.1557857704195604, 0.1557857704195604, 0.1557857704195604, 0.1557857704195604, 0.1557857704195604, 0.1557857704195604, 0.1557857704195604, 0.1557857704195604, 0.1557857704195604, 0.1557857704195604, 0.1557857704195604, 0.1557857704195604, 0.1788930528925097, 0.1788930528925097, 0.1788930528925097, 0.1788930528925097, 0.1712238383750375, 0.1712238383750375, 0.1712238383750375, 0.1712238383750375, 0.1712238383750375, 0.1712238383750375, 0.1712238383750375, 0.1712238383750375, 0.1712238383750375, 0.1712238383750375, 0.1712238383750375, 0.1712238383750375, 0.1712238383750375, 0.1712238383750375, 0.1477859011337514, 0.1477859011337514, 0.1477859011337514, 0.1477859011337514, 0.1478566925140988, 0.1557149790392085, 0.1557149790392085, 0.1479274838944551, 0.1557857704195604, 0.1557857704195604, 0.1557857704195604, 0.1557857704195604, 0.1557857704195604, 0.1557857704195604, 0.1557857704195604, 0.1557857704195604, 0.1557857704195604, 0.1557857704195604, 0.1557857704195604, 0.1557857704195604, 0.1557857704195604, 0.1557857704195604, 0.1557857704195604, 0.1557857704195604, 0.1557857704195604, 0.1557857704195604, 0.1557857704195604, 0.1557857704195604, 0.1557857704195604, 0.1557857704195604, 0.1557857704195604, 0.1557857704195604, 0.1557857704195604, 0.1557857704195604, 0.1557857704195604, 0.1557857704195604, 0.1557857704195604, 0.1557857704195604, 0.1557857704195604, 0.1557857704195604, 0.1557857704195604, 0.1557857704195604, 0.1557857704195604, 0.1557857704195604, 0.1557857704195604, 0.1788930528925097, 0.1788930528925097, 0.1788930528925097, 0.1788930528925097, 0.1788930528925097, 0.1788930528925097, 0.1788930528925097, 0.1788930528925097, 0.1788930528925097, 0.1712238383750375, 0.1788930528925097, 0.1712238383750375, 0.1712238383750375, 0.1712238383750375, 0.1712238383750375, 0.1712238383750375, 0.1712238383750375, 0.1712238383750375, 0.1712238383750375, 0.1712238383750375, 0.1712238383750375, 0.1712238383750375, 0.1712238383750375, 0.1712238383750375, 0.1712238383750375, 0.1635024741839575, 0.1557149790392085, 0.1557503747293845, 0.1557857704195604, 0.1557857704195604, 0.1557857704195604, 0.1557857704195604, 0.1557857704195604, 0.1557857704195604, 0.1557857704195604, 0.1557857704195604, 0.1557857704195604, 0.1557857704195604, 0.1557857704195604, 0.1557857704195604, 0.1557857704195604, 0.1557857704195604, 0.1557857704195604, 0.1557857704195604, 0.1557857704195604, 0.1557857704195604, 0.1557857704195604, 0.1557857704195604, 0.1557857704195604, 0.1557857704195604, 0.1557857704195604, 0.1557857704195604, 0.1557857704195604, 0.1557857704195604, 0.1557857704195604, 0.1557857704195604, 0.1557857704195604, 0.1557857704195604, 0.1557857704195604, 0.1557857704195604, 0.1557857704195604, 0.1557857704195604, 0.1557857704195604, 0.1557857704195604, 0.1557857704195604, 0.1557857704195604, 0.1557857704195604, 0.1557857704195604, 0.1557857704195604, 0.1788930528925097, 0.1788930528925097, 0.1788930528925097, 0.1788930528925097, 0.1788930528925097, 0.1788930528925097, 0.1788930528925097, 0.1788930528925097, 0.1788930528925097, 0.1788930528925097, 0.1788930528925097, 0.1788930528925097, 0.1788930528925097, 0.1788930528925097, 0.1788930528925097, 0.1788930528925097, 0.1788930528925097, 0.1788930528925097, 0.1788930528925097, 0.1788930528925097, 0.1788930528925097, 0.1788930528925097, 0.1788930528925097, 0.1712238383750375, 0.1788930528925097, 0.1712238383750375, 0.1712238383750375, 0.1712238383750375, 0.1712238383750375, 0.1712238383750375, 0.1635024741839575, 0.163537869874129, 0.1636086612544853, 0.1636086612544853, 0.1636086612544853, 0.1557857704195604, 0.1636086612544853, 0.1636086612544853, 0.1557857704195604, 0.1557857704195604, 0.1557857704195604, 0.1557857704195604, 0.1557857704195604, 0.1557857704195604, 0.1557857704195604, 0.1557857704195604, 0.1557857704195604, 0.1557857704195604, 0.1557857704195604, 0.1557857704195604, 0.1557857704195604, 0.1557857704195604, 0.1557857704195604, 0.1557857704195604, 0.1557857704195604, 0.1557857704195604, 0.1557857704195604, 0.1557857704195604, 0.1557857704195604, 0.1557857704195604, 0.1557857704195604, 0.1557857704195604, 0.1557857704195604, 0.1557857704195604, 0.1557857704195604, 0.1557857704195604, 0.1557857704195604, 0.1557857704195604, 0.1557857704195604, 0.1557857704195604, 0.1557857704195604, 0.1557857704195604, 0.1788930528925097, 0.1788930528925097, 0.1788930528925097, 0.1788930528925097, 0.1788930528925097, 0.1788930528925097, 0.1788930528925097, 0.1788930528925097, 0.1788930528925097, 0.1788930528925097, 0.1788930528925097, 0.1788930528925097, 0.1788930528925097, 0.1788930528925097, 0.1788930528925097, 0.1788930528925097, 0.1788930528925097, 0.1788930528925097, 0.1788930528925097, 0.1788930528925097, 0.1788930528925097, 0.1788930528925097, 0.1788930528925097, 0.1789284485826856, 0.178963844272866, 0.1713300254455696, 0.1713654211357456, 0.1636086612544853, 0.1636086612544853, 0.1636086612544853, 0.1636086612544853, 0.1636086612544853, 0.1636086612544853, 0.1636086612544853, 0.1636086612544853, 0.1636086612544853, 0.1557857704195604, 0.1636086612544853, 0.1636086612544853, 0.1557857704195604, 0.1557857704195604, 0.1557857704195604, 0.1557857704195604, 0.1557857704195604, 0.1557857704195604, 0.1557857704195604, 0.1557857704195604, 0.1557857704195604, 0.1557857704195604, 0.1557857704195604, 0.1557857704195604, 0.1557857704195604, 0.1557857704195604, 0.1557857704195604, 0.1557857704195604, 0.1557857704195604, 0.1557857704195604, 0.1557857704195604, 0.1557857704195604, 0.1557857704195604, 0.1557857704195604, 0.1557857704195604, 0.1557857704195604, 0.1557857704195604, 0.1788930528925097, 0.1788930528925097, 0.1788930528925097, 0.1788930528925097, 0.1788930528925097, 0.1788930528925097, 0.1788930528925097, 0.1788930528925097, 0.1788930528925097, 0.1788930528925097, 0.1788930528925097, 0.1788930528925097, 0.1788930528925097, 0.1788930528925097, 0.1788930528925097, 0.1788930528925097, 0.1788930528925097, 0.1788930528925097, 0.1789284485826856, 0.178963844272866, 0.1790346356532222, 0.1790700313433981, 0.1790700313433981, 0.1790700313433981, 0.1636086612544853, 0.1790700313433981, 0.1790700313433981, 0.1636086612544853, 0.1636086612544853, 0.1636086612544853, 0.1636086612544853, 0.1636086612544853, 0.1636086612544853, 0.1636086612544853, 0.1557857704195604, 0.1557857704195604, 0.1557857704195604, 0.1557857704195604, 0.1557857704195604, 0.1557857704195604, 0.1557857704195604, 0.1557857704195604, 0.1557857704195604, 0.1557857704195604, 0.1557857704195604, 0.1557857704195604, 0.1557857704195604, 0.1557857704195604, 0.1557857704195604, 0.1557857704195604, 0.1557857704195604, 0.1557857704195604, 0.1557857704195604, 0.1557857704195604, 0.1557857704195604, 0.1557857704195604, 0.1557857704195604, 0.1557857704195604, 0.1557857704195604, 0.1557857704195604, 0.1557857704195604, 0.2325775545148375, 0.2325775545148375, 0.2325775545148375, 0.2325775545148375, 0.2325775545148375, 0.2325775545148375, 0.2325775545148375, 0.2325775545148375, 0.1788930528925097, 0.1788930528925097, 0.1788930528925097, 0.1788930528925097, 0.1788930528925097, 0.1788930528925097, 0.1788930528925097, 0.1788930528925097, 0.1788930528925097, 0.2019360921351112, 0.2019360921351112, 0.1866684544805185, 0.1866684544805185, 0.1867392458608748, 0.1790700313433981, 0.1790700313433981, 0.1790700313433981, 0.1790700313433981, 0.1790700313433981, 0.1790700313433981, 0.1790700313433981, 0.1636086612544853, 0.1790700313433981, 0.1636086612544853, 0.1636086612544853, 0.1636086612544853, 0.1636086612544853, 0.1636086612544853, 0.1636086612544853, 0.1636086612544853, 0.1636086612544853, 0.1636086612544853, 0.1636086612544853, 0.1636086612544853, 0.1557857704195604, 0.1557857704195604, 0.1557857704195604, 0.1557857704195604, 0.1557857704195604, 0.1557857704195604, 0.1557857704195604, 0.1557857704195604, 0.1557857704195604, 0.1557857704195604, 0.1557857704195604, 0.1557857704195604, 0.1557857704195604, 0.1557857704195604, 0.2325775545148375, 0.2325775545148375, 0.2325775545148375, 0.2325775545148375, 0.2325775545148375, 0.2325775545148375, 0.2325775545148375, 0.2325775545148375, 0.2019360921351112, 0.2019360921351112, 0.2019360921351112, 0.2019360921351112, 0.2019360921351112, 0.2019360921351112, 0.2019360921351112, 0.2019360921351112, 0.1943376689979908, 0.194408460378347, 0.1790700313433981, 0.1790700313433981, 0.1790700313433981, 0.1790700313433981, 0.1790700313433981, 0.1790700313433981, 0.1790700313433981, 0.1790700313433981, 0.1636086612544853, 0.1636086612544853, 0.1636086612544853, 0.1636086612544853, 0.1636086612544853, 0.1636086612544853, 0.1636086612544853, 0.1636086612544853, 0.1636086612544853, 0.1636086612544853, 0.1557857704195604, 0.2555851980672631, 0.2325775545148375, 0.2325775545148375, 0.2325775545148375, 0.2325775545148375, 0.2325775545148375, 0.2325775545148375, 0.2325775545148375, 0.2325775545148375, 0.2325775545148375, 0.2325775545148375, 0.2325775545148375, 0.2325775545148375, 0.2096053066525878, 0.2096053066525878, 0.2019360921351112, 0.2019360921351112, 0.2019360921351112, 0.1943376689979908, 0.194408460378347, 0.194408460378347, 0.1867392458608748, 0.1867392458608748, 0.1867392458608748, 0.1867392458608748, 0.1867392458608748, 0.1790700313433981, 0.1790700313433981, 0.1790700313433981, 0.1790700313433981, 0.1790700313433981, 0.1790700313433981, 0.1790700313433981, 0.1790700313433981, 0.1790700313433981, 0.1790700313433981, 0.1790700313433981, 0.1790700313433981, 0.1636086612544853, 0.1557857704195604, 0.2325775545148375, 0.2325775545148375, 0.2325775545148375, 0.2325775545148375, 0.2325775545148375, 0.2325775545148375, 0.2325775545148375, 0.2325775545148375, 0.2325775545148375, 0.2325775545148375, 0.2325775545148375, 0.2325775545148375, 0.2325775545148375, 0.2096053066525878, 0.2096053066525878, 0.2172745211700645, 0.2096053066525878, 0.2096407023427726, 0.2096760980329441, 0.2097468894133004, 0.2097468894133004, 0.2097468894133004, 0.194408460378347, 0.2251207141384296, 0.194408460378347, 0.194408460378347, 0.1867392458608748, 0.2251207141384296, 0.2251207141384296, 0.2251207141384296, 0.2251207141384296, 0.2251207141384296, 0.2251207141384296, 0.2251207141384296, 0.1790700313433981, 0.2251207141384296, 0.2251207141384296, 0.1636086612544853, 0.1557857704195604, 0.2555851980672631, 0.2555851980672631, 0.2325775545148375, 0.2325775545148375, 0.2325775545148375, 0.2325775545148375, 0.2325775545148375, 0.2325775545148375, 0.2325775545148375, 0.2325775545148375, 0.2325775545148375, 0.2325775545148375, 0.2325775545148375, 0.2325775545148375, 0.2325775545148375, 0.2325775545148375, 0.2325775545148375, 0.2325775545148375, 0.2172745211700645, 0.2172745211700645, 0.2172745211700645, 0.2173453125504163, 0.2174161039307726, 0.2174161039307726, 0.2251207141384296, 0.2251207141384296, 0.2251207141384296, 0.2251207141384296, 0.2251207141384296, 0.2251207141384296, 0.2251207141384296, 0.2251207141384296, 0.2251207141384296, 0.2251207141384296, 0.2251207141384296, 0.2251207141384296, 0.2251207141384296, 0.2251207141384296, 0.2481637533810311, 0.2481637533810311, 0.2481637533810311, 0.2481637533810311, 0.2481637533810311, 0.2555851980672631, 0.2555851980672631, 0.2555851980672631, 0.2555851980672631, 0.2325775545148375, 0.2555851980672631, 0.2555851980672631, 0.2325775545148375, 0.2325775545148375, 0.2325775545148375, 0.2325775545148375, 0.2325775545148375, 0.2325775545148375, 0.2325775545148375, 0.2325775545148375, 0.2325775545148375, 0.2325775545148375, 0.2325775545148375, 0.2325775545148375, 0.2325775545148375, 0.2325775545148375, 0.2325775545148375, 0.2249437356875412, 0.2173453125504163, 0.2173453125504163, 0.2174161039307726, 0.2174161039307726, 0.2251207141384296, 0.2251207141384296, 0.2251207141384296, 0.2251207141384296, 0.2251207141384296, 0.2251207141384296, 0.2481637533810311, 0.2481637533810311, 0.2481637533810311, 0.2709236271022164, 0.2555851980672631, 0.2555851980672631, 0.2555851980672631, 0.2555851980672631, 0.2555851980672631, 0.2555851980672631, 0.2555851980672631, 0.2555851980672631, 0.2555851980672631, 0.2555851980672631, 0.2555851980672631, 0.2555851980672631, 0.2555851980672631, 0.2325775545148375, 0.2555851980672631, 0.2555851980672631, 0.2555851980672631, 0.2325775545148375, 0.2325775545148375, 0.2325775545148375, 0.2325775545148375, 0.2325775545148375, 0.2325775545148375, 0.2325775545148375, 0.2325775545148375, 0.2325775545148375, 0.2325775545148375, 0.2325775545148375, 0.2326129502050178, 0.2326483458951938, 0.2326483458951938, 0.2250853184482493, 0.2251207141384296, 0.2251207141384296, 0.2251207141384296, 0.2251207141384296, 0.2251207141384296, 0.2251207141384296, 0.2251207141384296, 0.2251207141384296, 0.2481637533810311, 0.2481637533810311, 0.2481637533810311, 0.2481637533810311, 0.2481637533810311, 0.2785928416196975, 0.2785928416196975, 0.2709236271022164, 0.2709236271022164, 0.2709236271022164, 0.2709236271022164, 0.2709236271022164, 0.2709236271022164, 0.2709236271022164, 0.2709236271022164, 0.2709236271022164, 0.2709236271022164, 0.2555851980672631, 0.2555851980672631, 0.2555851980672631, 0.2555851980672631, 0.2555851980672631, 0.2555851980672631, 0.2555851980672631, 0.2555851980672631, 0.2555851980672631, 0.2555851980672631, 0.2555851980672631, 0.2555851980672631, 0.2555851980672631, 0.2555851980672631, 0.2555851980672631, 0.2555851980672631, 0.2555851980672631, 0.2555851980672631, 0.2555851980672631, 0.2555851980672631, 0.2325775545148375, 0.2325775545148375, 0.2325775545148375, 0.2325775545148375, 0.2325775545148375, 0.2403175604126704, 0.2403175604126704, 0.2403529561028463, 0.2327545329657259, 0.2327899286559063, 0.2327899286559063, 0.2327899286559063, 0.2327899286559063, 0.2327899286559063, 0.2251207141384296, 0.2481637533810311, 0.2481637533810311, 0.2481637533810311, 0.2481637533810311, 0.2481637533810311, 0.2481637533810311, 0.2785928416196975, 0.2785928416196975, 0.2785928416196975, 0.2785928416196975, 0.2785928416196975, 0.2785928416196975, 0.2785928416196975, 0.2785928416196975, 0.2785928416196975, 0.2785928416196975, 0.2785928416196975, 0.2785928416196975, 0.2785928416196975, 0.2785928416196975, 0.2709236271022164, 0.2709236271022164, 0.2709236271022164, 0.2709236271022164, 0.2709236271022164, 0.2709236271022164, 0.2709236271022164, 0.2709236271022164, 0.2709236271022164, 0.2709236271022164, 0.2709236271022164, 0.2709236271022164, 0.2555851980672631, 0.2709236271022164, 0.2555851980672631, 0.2555851980672631, 0.2555851980672631, 0.2555851980672631, 0.2555851980672631, 0.2555851980672631, 0.2555851980672631, 0.2555851980672631, 0.2555851980672631, 0.2555851980672631, 0.2555851980672631, 0.2555851980672631, 0.2555851980672631, 0.2556205937574434, 0.2403175604126704, 0.2403529561028463, 0.2404237474831982, 0.2327899286559063, 0.2327899286559063, 0.2481637533810311, 0.2481637533810311, 0.2481637533810311, 0.2481637533810311, 0.2481637533810311, 0.2481637533810311, 0.2481637533810311, 0.2481637533810311, 0.2481637533810311, 0.2481637533810311, 0.2481637533810311, 0.2785928416196975, 0.2785928416196975, 0.2785928416196975, 0.2785928416196975, 0.2785928416196975, 0.2785928416196975, 0.2785928416196975, 0.2785928416196975, 0.2785928416196975, 0.2785928416196975, 0.2785928416196975, 0.2785928416196975, 0.2785928416196975, 0.2785928416196975, 0.2785928416196975, 0.2785928416196975, 0.2709236271022164, 0.2709236271022164, 0.2709236271022164, 0.2709236271022164, 0.2709236271022164, 0.2709236271022164, 0.2709236271022164, 0.2709236271022164, 0.2709236271022164, 0.2709236271022164, 0.2709236271022164, 0.2709236271022164, 0.2555851980672631, 0.2555851980672631, 0.2555851980672631, 0.2555851980672631, 0.2555851980672631, 0.2555851980672631, 0.2555851980672631, 0.2555851980672631, 0.2556205937574434, 0.248022170620323, 0.2480575663104989, 0.2480575663104989, 0.2481637533810311, 0.2481637533810311, 0.2481637533810311, 0.2481637533810311, 0.2481637533810311, 0.2481637533810311, 0.2481637533810311, 0.2481637533810311, 0.2481637533810311, 0.2481637533810311, 0.2481637533810311, 0.2481637533810311, 0.2785928416196975, 0.2785928416196975, 0.2785928416196975, 0.2785928416196975, 0.2785928416196975, 0.2785928416196975, 0.2785928416196975, 0.2785928416196975, 0.2785928416196975, 0.2785928416196975, 0.2785928416196975, 0.2785928416196975, 0.2785928416196975, 0.2785928416196975, 0.2785928416196975, 0.2785928416196975, 0.2785928416196975, 0.2785928416196975, 0.2785928416196975, 0.2785928416196975, 0.2785928416196975, 0.2785928416196975, 0.2709236271022164, 0.2785928416196975, 0.2785928416196975, 0.2709236271022164, 0.2709236271022164, 0.2709236271022164, 0.2709236271022164, 0.2709236271022164, 0.2709236271022164, 0.2709236271022164, 0.2555851980672631, 0.2632898082749201, 0.263325203965096, 0.2480575663104989, 0.2480575663104989, 0.2481637533810311, 0.2481637533810311, 0.2481637533810311, 0.2481637533810311, 0.2481637533810311, 0.2481637533810311, 0.2481637533810311, 0.2785928416196975, 0.2785928416196975, 0.2785928416196975, 0.2785928416196975, 0.2785928416196975, 0.2785928416196975, 0.2785928416196975, 0.2785928416196975, 0.2785928416196975, 0.2785928416196975, 0.2785928416196975, 0.2785928416196975, 0.2785928416196975, 0.2785928416196975, 0.2785928416196975, 0.2785928416196975, 0.2785928416196975, 0.2785928416196975, 0.2785928416196975, 0.2785928416196975, 0.2785928416196975, 0.2785928416196975, 0.2785928416196975, 0.2785928416196975, 0.2785928416196975, 0.2785928416196975, 0.2785928416196975, 0.2785928416196975, 0.2709236271022164, 0.2709236271022164, 0.2709236271022164, 0.2632898082749201, 0.263325203965096, 0.263325203965096, 0.2633959953454522, 0.2634313910356282, 0.2481637533810311, 0.2481637533810311, 0.2481637533810311, 0.2481637533810311, 0.2481637533810311, 0.2481637533810311, 0.2481637533810311, 0.3476157722769697, 0.3476157722769697, 0.2785928416196975, 0.2785928416196975, 0.2785928416196975, 0.2785928416196975, 0.2785928416196975, 0.2785928416196975, 0.2785928416196975, 0.2785928416196975, 0.2785928416196975, 0.2785928416196975, 0.2785928416196975, 0.2785928416196975, 0.2785928416196975, 0.2785928416196975, 0.2785928416196975, 0.2785928416196975, 0.2785928416196975, 0.2785928416196975, 0.2785928416196975, 0.2785928416196975, 0.2785928416196975, 0.2785928416196975, 0.2709236271022164, 0.2709944184825726, 0.271029814172753, 0.2711006055531004, 0.2481637533810311, 0.2481637533810311, 0.2481637533810311, 0.2481637533810311, 0.2481637533810311, 0.3476157722769697, 0.3476157722769697, 0.3476157722769697, 0.3476157722769697, 0.3476157722769697, 0.3476157722769697, 0.3476157722769697, 0.3476157722769697, 0.3476157722769697, 0.3476157722769697, 0.3476157722769697, 0.3476157722769697, 0.3476157722769697, 0.3476157722769697, 0.2785928416196975, 0.2785928416196975, 0.2785928416196975, 0.2785928416196975, 0.3476157722769697, 0.2785928416196975, 0.2785928416196975, 0.2785928416196975, 0.2785928416196975, 0.2785928416196975, 0.2785928416196975, 0.2785928416196975, 0.2785928416196975, 0.2785928416196975, 0.2785928416196975, 0.2785928416196975, 0.2785928416196975, 0.2786636330000449, 0.2942144361760626, 0.2942144361760626, 0.2481637533810311, 0.2942144361760626, 0.2942144361760626, 0.2942144361760626, 0.3476157722769697, 0.3476157722769697, 0.3476157722769697, 0.3476157722769697, 0.3476157722769697, 0.3476157722769697, 0.3476157722769697, 0.3476157722769697, 0.3476157722769697, 0.3476157722769697, 0.3476157722769697, 0.3476157722769697, 0.3476157722769697, 0.3476157722769697, 0.3476157722769697, 0.3476157722769697, 0.3476157722769697, 0.3476157722769697, 0.3476157722769697, 0.3476157722769697, 0.3476157722769697, 0.2785928416196975, 0.3476157722769697, 0.3476157722769697, 0.2785928416196975, 0.3476157722769697, 0.2785928416196975, 0.2785928416196975, 0.2785928416196975, 0.2785928416196975, 0.2785928416196975, 0.2785928416196975, 0.2785928416196975, 0.2942144361760626, 0.2942144361760626, 0.2942144361760626, 0.2942144361760626, 0.2942144361760626, 0.3476157722769697, 0.3476157722769697, 0.3476157722769697, 0.3476157722769697, 0.3476157722769697, 0.3476157722769697, 0.3476157722769697, 0.3476157722769697, 0.3476157722769697, 0.3476157722769697, 0.3476157722769697, 0.3476157722769697, 0.3476157722769697, 0.3476157722769697, 0.3476157722769697, 0.3476157722769697, 0.3476157722769697, 0.3476157722769697, 0.3476157722769697, 0.3476157722769697, 0.3476157722769697, 0.3476157722769697, 0.3476157722769697, 0.3476157722769697, 0.3476157722769697, 0.3476157722769697, 0.3476157722769697, 0.3476157722769697, 0.3476157722769697, 0.3476157722769697, 0.3476157722769697, 0.3476157722769697, 0.3476157722769697, 0.2785928416196975, 0.2942144361760626, 0.2942144361760626, 0.3476157722769697, 0.3476157722769697, 0.3476157722769697, 0.3476157722769697, 0.3476157722769697, 0.3476157722769697, 0.3476157722769697, 0.3476157722769697, 0.3476157722769697, 0.3476157722769697, 0.3476157722769697, 0.3476157722769697, 0.3476157722769697, 0.3476157722769697, 0.3476157722769697, 0.3476157722769697, 0.3476157722769697, 0.3476157722769697, 0.3476157722769697, 0.3476157722769697, 0.3476157722769697, 0.3476157722769697, 0.3476157722769697, 0.3476157722769697, 0.3476157722769697, 0.3476157722769697, 0.3476157722769697, 0.3476157722769697, 0.3476157722769697, 0.3476157722769697, 0.3476157722769697, 0.3476157722769697, 0.3476157722769697, 0.2942144361760626, 0.2942144361760626, 0.2942144361760626, 0.3629542013119231, 0.3629542013119231, 0.3629542013119231, 0.3629542013119231, 0.3476157722769697, 0.3476157722769697, 0.3476157722769697, 0.3476157722769697, 0.3476157722769697, 0.3476157722769697, 0.3476157722769697, 0.3476157722769697, 0.3476157722769697, 0.3476157722769697, 0.3476157722769697, 0.3476157722769697, 0.3476157722769697, 0.3476157722769697, 0.3476157722769697, 0.3476157722769697, 0.3476157722769697, 0.3476157722769697, 0.2942144361760626, 0.3706234158293953, 0.3629542013119231, 0.3629542013119231, 0.3629542013119231, 0.3629542013119231, 0.3629542013119231, 0.3629542013119231, 0.3629542013119231, 0.3629542013119231, 0.3629542013119231, 0.3476157722769697, 0.3629542013119231, 0.3476157722769697, 0.3476157722769697, 0.3476157722769697, 0.3476157722769697, 0.3476157722769697, 0.3476157722769697, 0.3476157722769697, 0.3476157722769697, 0.2942144361760626, 0.3706234158293953, 0.3706234158293953, 0.3706234158293953, 0.3706234158293953, 0.3706234158293953, 0.3706234158293953, 0.3629542013119231, 0.3629542013119231, 0.3629542013119231, 0.3629542013119231, 0.3629542013119231, 0.3629542013119231, 0.3629542013119231, 0.3476157722769697, 0.3476157722769697, 0.3476157722769697, 0.3476157722769697, 0.3476157722769697, 0.3325959044536218, 0.3325959044536218, 0.3325959044536218, 0.3325959044536218, 0.3325959044536218, 0.3325959044536218, 0.378292630346872, 0.378292630346872, 0.378292630346872, 0.378292630346872, 0.3706234158293953, 0.3706234158293953, 0.3706234158293953, 0.378292630346872, 0.3706234158293953, 0.3706234158293953, 0.3629542013119231, 0.3476157722769697, 0.3629542013119231, 0.3476157722769697, 0.3325959044536218, 0.3325959044536218, 0.3859618448643487, 0.3859618448643487, 0.3859618448643487, 0.378292630346872, 0.378292630346872, 0.378292630346872, 0.378292630346872, 0.3706234158293953, 0.3629542013119231, 0.3325959044536218, 0.3936310593818253, 0.3936310593818253, 0.3936310593818253, 0.3936310593818253, 0.3859618448643487, 0.3859618448643487, 0.3859618448643487, 0.3706234158293953, 0.3325959044536218, 0.3936310593818253, 0.3936310593818253, 0.3936310593818253, 0.3936310593818253, 0.3936310593818253, 0.378292630346872, 0.378292630346872, 0.3936310593818253, 0.4166387029342509, 0.3936310593818253, 0.4166387029342509, 0.3936310593818253, 0.3936310593818253, 0.3936310593818253, 0.3859618448643487, 0.3859618448643487, 0.4166387029342509, 0.4166387029342509, 0.3936310593818253, 0.3936310593818253, 0.4166387029342509, 0.4166387029342509, 0.4166387029342509, 0.4166387029342509, 0.4166387029342509, 0.4166387029342509, 0.3936310593818253, 0.3936310593818253, 0.4166387029342509, 0.4166387029342509, 0.4166387029342509, 0.4166387029342509, 0.4166387029342509, 0.4166387029342509]
image 20200309 saved in /home/maruko/projects/def-ka3scott/maruko/seaiceClass/data/lake_stlawrence/new_label/feature_map/incidence_angle/20200309---------------------------------------------------
feature of date20200309 is drawn
image 20200309 saved ---------------------------------------------------
ground truth of date20200309 is drawn
finish generate 20200309_Band1.jpg
number of not found shape file: 0
number of total file: 1
Printed output will be saved to printed_output.txt
